0.20030640971611596	0.6044779347054424
0.10721774926991925	0.8571017196765607
0.17622289558267015	0.7366775992823575
3.5199523762341325e-05	0.9504165136137895
0.1914854090703021	0.46240415942581936
0.21366814892251978	0.5991405775689076
0.1939916151596297	0.7220888231092151
0.1309844676898166	0.8485397092694599
0.04208455056702418	0.9368729698802571
0.1689436340760712	1.3756815629647845
1.4126202462734547	1.295198665143252
1.405256505909926	1.268634193894807
1.3888535278535574	1.2622071263427943
1.3654599243851406	1.2658654398802445
1.349218864137866	1.2588379196504604
1.3423056776780453	1.2408021003258325
1.3523797813684604	1.22526816715977
1.4017365535373185	1.2090337058692462
1.2787634974475948	1.0535387012903197
0.7913697722210126	1.2680782191929036
0.6748030294494696	1.1840704417615247
0.647234762467116	1.1616646612824006
0.23409091258843368	0.8805082546186366
0.1617910908549291	0.8574686629792481
0.3922423726900633	0.9811174366432269
0.4255552019445034	1.0028560474811727
1.248907261423065	1.1213008979370103
1.0699247231802784	1.3561890899227813
1.0767745504974022	1.1776656131978407
0.8214935246258609	0.6334442166657628
0.7051168592824094	1.2101011772963952
0.7221463888611103	1.2866811327128092
0.8007398854368686	1.40548180697796
0.9547870810720236	1.4734775129989444
1.9393177596926499	1.3327491964974219
0.9685923342774327	0.3762947976226359
0.8116024584587723	0.3427139256385713
0.7498906534620878	0.3404455488550897
0.6145484847350079	0.3918398502828628
0.42879355812732484	0.48003967696526634
1.3314571844656713	0.2781986212499855
0.9558501066885958	0.3704348242666911
0.8137144298823243	0.3351526696952128
0.7487361090838837	0.33273973948917307
0.6115002059803405	0.38457882067878496
0.4705331533618032	0.4487827792339256
0.35148836411993	0.47447992994781213
0.2920715680701867	0.47188908783751093
0.239490519528037	0.45035062789294567
0.04219718904295113	0.36302924123926505
0.32428617218435474	0.2967125788173654
0.7686097601796302	0.5670274787971729
0.7272925592298622	0.49628525774916465
0.5982299855355686	0.5972613830772324
0.26441882223090357	1.085685158544548
0.41312273016444995	0.27889914937444704
0.5553640055418207	0.2683801080173098
0.6613990508145384	0.35165399884252396
0.6633702241431662	0.6551383495270506
0.654612582640112	1.3289018515615458
1.0768449495448644	1.170760407402286
1.2377419724971428	1.1172089241318859
1.2552290958843164	1.0986393690944738
0.7825698912894311	1.263319075745811
0.27163472459480537	1.1153074906518818
0.4334469351639043	1.3856779881017216
0.985826021093755	0.765199101480839
0.9824679865303041	0.7586163610121037
0.9799617804409765	0.7387569446666231
0.9983007323023357	0.7262586333719107
1.0315854019377784	0.7482085145958213
0.30320165747240907	0.5486803136398899
0.2569354034867456	0.6141074165396921
0.20151727333225244	0.7443834086482742
0.12340249027919914	0.8749596270953468
0.34123122290612584	0.49711921980201984
0.16302307418536052	0.55338385961695
0.13070287149996798	0.5927579879927627
0.11930526571742692	0.6264611744118466
0.12398680237306624	0.6616098950549312
0.13531400910808264	0.6725959551614461
0.16034087047740878	0.6764210611089931
0.18120010823756302	0.6610983983296858
1.5854076683403844	1.2667772383906708
1.7246569842010826	1.0061918956910132
1.3711200078002976	0.9477144765634238
1.6919918261832065	0.41119888939726235
0.34224496918946834	1.231294932926602
1.7975411180284544	1.0400952330026874
0.5684652682727335	1.1057892037584869
0.4693504493646016	1.238511484554812
0.460388650623926	1.266165666218735
0.44962463626848176	1.350173443650114
0.4548341657799309	1.354943706590581
0.4721030521200155	1.3565560332254687
0.6100288658885876	1.254934977243762
1.0196950028230647	0.7344981784514018
1.0571120965439795	1.0068590653337715
1.0714383027005587	1.0341574231883814
1.0758100835473519	1.046922602339881
1.01204966626975	1.35349817236579
1.7667063352443444	1.2477184256155518
1.8162954242697587	1.1638885600892244
1.8631952696825191	1.0705737661512054
1.8339726250850237	0.8084539332750212
1.723931874012291	0.7541685633984564
1.5525665127038843	0.6698716791227513
1.6553420820795481	0.4951621888519834
1.3802930036833598	0.5849854616626493
1.3662554336213317	0.5658265734416302
1.8300654779514058	1.283589913370637
1.826834161673349	1.3694768852936912
1.812859950754081	1.3222746331169426
1.8170909335059497	1.3458368409765313
1.8563665620796281	1.3863117992619862
1.8774369969821063	1.3945735833298063
0.2127600012104018	1.1267716890019388
0.10822445564843426	1.0089717691997404
0.3069820863205704	1.1743297649872102
0.20823334245921668	1.2405685909515387
0.15307568878033975	1.1771763554601342
0.5790180854858538	1.4112639438755434
0.5576308548698271	0.13214406710609272
1.4222578758696296	0.8667200820158557
1.6072524927648837	0.9813620655124753
1.4790065480209509	0.8973987660577543
1.5421615334904533	1.084050592921331
2.070907659190566	0.9245192120073126
1.892164477709101	0.7175409500488774
1.7063109924350208	1.2122472396456476
1.6375592826930587	1.1718612373119284
1.619910241496791	1.3058956184038606
1.6499706347589422	1.3429235335394105
1.663374613393811	1.2836788693231627
1.6925831781817762	1.2558134172724849
1.728690849620095	1.2253904815939993
1.6959271329357597	1.2292155875423365
1.6862050244826554	1.2453166149044668
1.8352609276533876	1.2533560090913674
1.8649059665355932	1.1972248032048307
0.8699984683204708	0.381899022615958
0.5085063995575878	1.331070152898337
1.9050967827260918	0.500399470542618
1.7835880268234183	0.7847249330053356
1.1577193752580965	0.9059496569699004
1.19284146003207	0.8643961077631319
1.280326356301042	0.7636423723159835
1.3331960409377428	0.6705722072464227
1.11459995869356	0.7196870123973398
1.4813085968726571	0.7789761545894555
1.1455825794772967	0.7298391104509995
1.0963806852128926	0.7229783826313124
0.229381216313922	0.5213374778094121
0.1366445511049736	0.78107773896205
0.1186435146713952	0.5890218379977414
0.1538430383975334	0.5452332704891947
0.22737484346153194	0.5127087504381145
0.3407384295739533	0.4901028190664003
0.7230193370495284	0.3459719373908406
0.18515653470434842	0.929534103817028
0.17925709452787014	0.8622834038963729
0.19185852402178274	0.8414899500513469
0.23565377144188093	0.7507104007535967
0.7118681279330735	0.929111563043518
0.6651231604247675	0.8725689358784262
0.6747889496399396	0.8465826783194235
0.6259249708033165	0.7914299879083001
0.580672463100933	0.7307397894680515
1.1070320610924098	0.8405781515409205
1.1240756704806405	0.7208879177528824
1.1063703100463782	0.6053341357458365
1.1028010783405409	0.5720090121243946
1.0857504290476079	0.5145768254364153
1.0864614594268691	0.48235253172382575
1.0017291659132488	0.3643524610298269
0.9438118695742553	0.745139534242768
1.1755162544540534	0.5122083732070335
1.3577864282128285	0.4273110362535571
1.0605475700596576	0.34937450256487784
1.214341329123961	0.3082434941316192
1.6646699558669396	0.4754695649165998
1.5416124209202862	0.4373630588605265
1.5008584123501527	0.43573961273147416
1.3985615564971943	0.7169738558528095
1.6804323025915089	0.850085318940151
1.5005697762556018	0.7494427784338573
1.4389987693538417	0.2492990562546521
0.935476622355849	0.8003144636414303
0.7925524762182142	0.9001897590598558
0.7737207310246824	0.8784733872102388
1.0779713343041337	1.0585980710759029
0.9291899874183603	1.1021197707276624
0.8477312496113235	1.1280059528399748
0.8911181825561787	1.0274190098029234
0.8097228038917766	0.9202159678162234
0.8804668066766616	1.2329183790556544
0.8837474022878852	0.08188395407045548
0.8470694985652293	3.335848170336091e-05
1.1576771358296316	0.15865294088450543
1.174868583217489	0.31826215825609516
0.8069420415174279	0.1398053984961415
0.7283063055132047	0.29505577420660967
0.9080069140399553	0.3408124921585672
0.6446581573303888	0.31099000915785285
0.5561595147780745	0.35018622562940405
0.43068025259902304	0.43416064457828957
0.6204338451020187	0.25054443958606254
0.5242687462821572	0.1971152707498917
1.7659671452460854	1.2842459635192307
1.7873332561478796	1.3214184320765485
1.8736143287054174	1.042174578386953
0.5054510808981554	0.15392715591990638
1.2385797211617986	0.10285531981974295
1.204168666767149	1.2998577331436543
1.185505879287539	1.259805315630919
1.1524464866038877	1.15258003465589
1.2093711563738334	1.1345998128020847
1.214179411314867	1.151345770817854
1.2139963737914778	1.154714977510978
1.2027818055323258	1.1736959538277356
0.385941657943107	0.28272425532199413
0.34810920984224675	0.23324250686838965
0.3797395018625477	0.21708588203622703
0.11554595658349802	0.3476621004840898
1.413669192080497	1.2578927626575405
1.4301073696605657	1.2793756251320736
1.740926204067292	0.6284849223260798
1.7460019753886444	0.5324569718435305
1.8291291706202903	0.8067081727117397
1.6988627732145627	1.029209248342863
1.6935898845603536	1.0398839626159326
1.6640574841541376	1.1116158186327283
1.580529014351951	1.2660099933020124
1.7060997952926342	1.0429640624631502
0.9795745856800284	1.201883871205233
1.0226236031971028	0.9488931429314275
0.9502815420350709	0.9880004034504528
0.9124561338389755	0.9429775721046602
0.8618532985302186	0.9811063171490624
0.7454907129962971	0.8420570442474148
0.8932090342654985	0.7270592369422724
1.1063703100463782	0.6559500725915768
1.2436836521020858	1.2800205557857127
0.4863236597053701	1.046922602339881
0.4039497342813878	1.140470905652194
0.3759238734906241	1.168692181512185
0.33148799473872653	1.2135926984237484
1.32164355725081	1.0042015062592733
1.3824401746306116	1.215271742022833
0.14675385431908855	0.3616281849911321
0.1570884344851199	0.35804770791204327
0.21126754140441667	0.5493586027760224
0.19851123400604984	0.5494475587285482
0.1924780356394122	0.5095952921084034
0.20351660627994006	0.5054921988099046
0.4661332128960125	0.4693316042097032
0.44535845399285034	0.448627106317203
0.7887509276557579	1.396252626928891
0.8601707612961419	1.4309009703408948
0.9027621850048062	1.3111884975645276
0.16842972102966622	1.2822110961108328
0.9769275814957765	0.71769662296481
1.9740526497056752	1.251020915343689
1.866306907579884	1.0623119820833853
1.8922771161850278	1.073931853349375
1.6344898842241589	1.170171074218679
1.000652060487209	0.7336864553868756
1.0053547168570183	0.7343202665471403
1.0117328705562016	0.7362328195205188
0.7210692834351331	0.482096783361203
0.6796887233426053	0.36120564421762225
0.6762673296364573	0.35372222473262505
0.7789302605361942	0.3507088418496041
0.1587216923860293	0.4109764995163429
0.26669975136837726	0.46409432251906857
0.14576826765480594	0.5695516039432772
0.11796768381583353	0.6414280133826311
0.1709218473094639	0.6712949743592133
0.19022526612093585	0.6404494979072178
0.1943154507778806	0.6687708492131089
0.2071421572237096	0.6666470258529754
0.28534845903845746	0.5685286104919961
1.3612007820142742	1.2089447499167205
1.4314167919432241	1.247484916240468
0.6780202659179961	0.748864564743625
0.7050746198539447	0.7837019395540545
0.716232868875102	0.7906071453496094
0.7300170023662788	0.8093101343154153
0.7296861268432628	0.8216750116825242
1.4598580071139333	1.2784415876333182
1.4499106217089126	1.266832835860703
1.3187360765910043	1.3467597589811222
1.4067278460016788	1.2903394462502593
1.4275518842380708	1.2927968544313768
1.4434339093433322	1.295365457553349
1.6825935533482905	1.026195865459842
1.6965677642676216	1.0347022783961204
1.6492736841891482	1.0061918956910132
1.6731460011802073	1.0138977050569298
1.6953569006514226	1.0286643931351238
1.7020025707309245	1.029876417984831
1.7057759596743833	1.0277303556363686
1.7182436309781992	1.0049798708413062
1.6557292768404963	1.0030228398912697
1.8018847392562503	0.7940208300186012
1.7998783664038602	0.7981016843287712
1.8473625239104876	0.8160374282067087
1.8507346382834058	0.8182390880252034
1.8518539831379102	0.816615641896151
1.8281858233844726	0.8257225075109907
1.8094878363811	0.8022270166155989
1.8243913147267812	0.8234318917399702
1.7459667758648822	0.7678566605553371
1.7343790926542495	0.7653992523734295
1.7265999979107753	0.768234723352189
1.7205527197346078	0.7748285833142987
1.4336273220332356	0.8803192232202106
1.4304804846121089	0.8564567890221314
0.24919854817173642	0.7656994787119201
0.2822368211410929	0.8057407767304909
0.2918392512135678	0.8263563186704653
0.2285364277445012	0.8783955507526676
0.3039619671849003	0.8202517164460623
0.3100303650753003	0.8212747098965533
0.32142797085777886	0.832994656609233
0.33554297987197146	0.8484285143293953
0.530147066744403	0.79394299356024
0.5211571083847927	0.7825343926802153
0.5784408132966891	0.7345982538973019
0.5382288773919581	0.8075532542579693
1.4976904552147936	1.3271338520099354
1.551003653850437	1.0731646082615065
1.5568397348842182	1.0783129339996154
1.5548474418413583	1.0904220630033117
1.5457800445295204	1.0988728784695576
1.5355088235061862	1.0982724257909962
1.5316861552295602	1.0950032945453525
1.2714842359410583	1.0572859707802957
1.2587349684473939	1.090622213895902
1.3793848559711792	1.1987592933813573
1.3599547188743755	1.2138262077980422
0.9927673671725731	0.7371668570200642
1.5009640109213773	1.319150055293067
1.4607520750165839	1.3165925716652593
0.703927115380443	0.33480796538006424
0.7450542389021193	0.3251673640516501
0.8215287241495607	0.32812514946542876
0.8709277357468213	0.34121279394374804
0.8993830307270604	0.3270687975316542
0.8081177056098646	0.3015717977103581
0.8002822916284584	0.3067090039543025
0.7967623392558508	0.3160382594492715
0.8038022440010659	0.35460066476134805
0.8124331672187258	0.3714466982238077
0.808842815798656	0.38104282157556396
0.9327592191241977	0.368866975607671
1.2197409360635645	0.4750136656613866
1.0588931924445157	0.6464206662040174
0.8456333579972389	0.6635002090407709
0.92168544895997	0.6046892050921974
0.7961498675429863	0.32474482327893034
0.7767338102556499	0.28344702243399456
1.2754969816458384	1.3484944000502392
1.7106334939485843	0.6166982586492032
0.7592255671542442	0.8610157815766335
0.5899369777456897	1.3961191930004975
0.6161817426359173	1.2715030233552698
0.6370691400150064	1.2695459924052335
0.648044351512837	1.2724148218664864
0.6544647446404852	1.2747721546017035
0.6695019811762633	1.2745164062390808
0.6878972522755546	1.273904834067145
0.7153599206867464	1.2569031276879628
0.6985486281551345	1.299279519453422
0.5406013252910639	1.335006453786739
0.5420585855733492	1.3260886195711152
0.5793771206278044	1.307018687301832
0.6027355245725213	1.290306087767766
0.6112678891237215	1.3389872326510086
0.57672307653885	1.3855223151857892
0.6182162751072422	1.3279900530511195
0.6751198251629555	1.2975782368667983
0.6815613380048361	1.3092203471203268
0.4208103061462294	1.3592135922999669
0.257167720343302	1.09171192431059
0.2520215499745499	1.0958817345740755
0.2713320086907243	1.0803478014080132
0.9446425783341462	1.4691631493136905
0.7532416481208363	1.3377307298254337
0.6262769660405647	1.3536538452825126
1.1507428296555786	1.1472426775193552
1.0560279512132373	1.3555775177508456
1.2765248077386484	1.124636746146851
1.2639726575778405	1.1225796397509142
1.1507428296555786	0.9167022077013314
1.1374726092108067	0.9329922664618876
1.1292148009446277	0.9431332450213827
1.0980632224469693	0.851297343789858
1.081540566009971	0.8648408875241806
1.0726350865072278	0.8731916275445264
1.0482488564697634	0.787226819163111
1.0218421737703791	0.8120121713657811
1.015309142166804	0.7374337248768514
1.0016939663895488	0.7889169822563602
0.9001785399633139	0.7374782028527193
0.9228259135287068	0.7482307535841503
0.9135473190744826	0.7439163898988965
0.8150801714029152	1.260705994647971
0.8144958593090481	1.27473879611921
0.8479565265631774	0.509228348805716
0.8008877234365579	0.5588768896702075
0.8333487242168123	0.45338624976429553
0.86611948080585	0.42617684786142124
0.8404167885810248	0.5210928489401637
0.8150731314982127	0.5433874344800129
0.8280054365151411	0.5328683931228758
1.0494667599906649	0.5626908761235901
0.19243579621094742	0.8662197047847747
0.11192744554443092	0.34856277950035164
1.2683866778531612	0.9225621810572762
1.2335461892689736	0.9272879660218752
1.2041264273386842	0.962080862856437
0.5123009082152791	0.17091774280492414
1.2560386849299747	1.3091425106619654
1.2680065229969155	1.332804793967454
1.2633953853887383	1.3237201673417336
1.261149655775027	0.459379657048634
0.10975211497818171	0.6142074919855923
0.1344199412054946	0.5648702969545459
0.18074251442909028	0.5287319413418835
0.4130593710217527	0.47077713843449415
0.2123728064493912	0.43015762672569097
0.18489605822879474	0.5377832094866909
0.1289217755994318	0.6674809879050405
0.318872485435284	0.5360152099350804
0.40696985341712044	0.48247484615884495
0.7215268772435433	0.3376434363588237
0.7821052575762559	0.3312386077951399
0.7812745488163024	0.33916680704118585
1.8700943763328102	0.58633092044154
0.27530251496703967	0.9034366513179605
0.5019592881445452	0.8709232507610448
1.720918794781386	1.0140088999977845
2.0014378791645773	0.5476573201893988
1.716906049076606	1.0012881988221527
0.3650331408497855	0.4629267756460195
0.3506224558362769	0.46535082534543354
0.32455368856467337	0.4453357360832304
0.33769015081928583	0.4657511271306144
0.3241735337084278	0.4664516552550759
0.299174831958099	0.4646614167151365
0.174941632919009	0.7086008768449248
0.15973543866930928	0.7525339977752395
0.14804919679221712	0.7764186709616477
0.2219541168076963	0.5446550567997523
0.2148226933007866	0.5030570296163259
0.22531919127591213	0.5985957223611686
0.21628699348777433	0.6843826188375326
0.19994033466933775	0.4535752811627215
0.1887398462196532	0.42381951512620397
0.17210455130666552	0.4126777821037566
0.1860928420354638	0.6674031514466793
0.1904927825012545	0.4075516953539767
0.906310296996411	0.37112423289698815
0.936631166734116	0.3835780662150427
0.928042482944921	0.3762280806584391
1.6926183777055386	0.40561690339147916
1.4045806750543646	1.2463173693674188
1.4350705025059909	1.2852467179821827
1.5383318253090623	1.300491544303129
1.6084633563810202	1.228136996621023
1.6409525167802719	1.1653229748198508
1.2526032114142966	1.0827607316132628
0.9040575274779347	1.0520820475721544
0.8380725003008539	1.05886493893269
0.8240912494768206	1.0671378424946747
0.8151083310219125	1.0683276283560528
0.8123627681712636	1.0608330893768911
0.8168542273987489	1.0553178203360947
0.8283855913713868	1.0493800105217885
0.83482710421333	1.0600436053006939
0.8310818748888684	1.0442205652895153
0.8270902488983207	1.0335347315222811
0.8204797783425184	1.0244723438840992
0.8069420415174279	1.0179674398737253
0.791271213554553	0.9864881522622552
0.7818659008149346	0.971054294542093
0.8276323215636605	0.9386632084194064
0.7671947393258721	0.9833746939325441
0.8382344181100105	0.9530963116766166
0.8327221726944803	1.0263848968582678
0.8435143466689219	1.0255286958170837
0.8537644479779611	1.0259067586147257
0.881790308768725	1.0122742589278775
0.8108280689368137	1.028264091349943
0.8956378014025987	1.0473117846308975
0.8227677473846946	0.942543911837776
0.2760417049652985	1.27934226664958
0.27060689850199543	1.2732043059426834
0.26878356317293195	1.2672442571400484
0.2639682683271958	1.2611841328915132
0.2573085184382263	1.253278172633006
0.25498534987228777	1.24430474094656
0.2533732116856732	1.232128894979457
0.24707249693865443	1.2289709586730881
0.23634368210691	1.2323512848595866
0.22605134136940602	1.2322512094136864
0.6163507003497763	1.3639727357462692
0.5934991695467621	1.36845389184241
0.5939708431647022	1.3904704900313076
0.911745103459714	0.38207693452100955
0.9632560864805892	0.2034422628560043
1.8023423330647228	0.7991024387917233
1.8363239532699598	0.8138802463640818
1.8332756745152297	0.8216861311758986
1.2492099773271461	1.277274040759479
1.344804843862608	1.2534227260555642
1.314146058697122	1.2435374958586918
1.3427843912007504	1.2481409663890617
1.3445795669107539	1.2333742783108677
0.9083307496582684	0.3630848387100875
1.213186784745757	0.9464579737378489
1.2463517760005702	0.9232849481700667
0.927345532375127	0.4063396705042696
0.9310766818901209	0.4028259103893776
0.9756533587369428	0.4063285510101052
0.9758434361650344	0.4129112914788405
1.024918612144044	0.41456809608959627
1.0280443298509383	0.4236416032219425
1.0383789100169072	0.4584345000557142
1.0399488087751194	0.46339379439539713
0.6335984669756285	0.4876898888603606
0.674415834688459	0.5374941026415747
0.6106131779823922	0.4411214478438768
0.6021019331454245	0.43413840559075073
0.6190117843434957	0.4136785365667088
0.5900848157453165	0.42963501050628095
0.5826295566201559	0.44720381108074103
0.496735678823566	0.4989761753061561
0.5873744524184299	0.44134383772479624
0.6181036366313778	0.4537309540794441
0.6370691400150064	0.442811610937126
0.5118433144068062	0.4892910960018741
0.5095835049836275	0.4849211348457979
0.5265848749433307	0.48035102279792147
0.5246841006621027	0.4767816652129971
0.5414461138605472	0.47153326402819795
0.5400099732924943	0.46851988114517706
0.5560609561116149	0.4629601341277228
0.5548923319239432	0.46050272594660535
0.570492760839356	0.4546761110723639
0.5695282938892432	0.4526078851814727
0.6797520824853651	0.3943973339106705
0.9272751333276649	0.3624843860315261
1.2664999833814004	1.0998069159683128
1.278031347354101	1.064891704699522
1.2624872376766203	1.108168775482033
0.23892028724369982	1.2707135392790725
0.2314227886900119	1.2765957516233464
0.2515850758803721	1.300324751893032
0.23171142478456297	1.23552034065933
1.8302273957605626	0.8116674670514227
0.12340249027919914	0.6095039460093222
0.1701685775017376	0.9019244001297628
0.1557508525835265	0.9124434414861099
0.14393789242104	0.9367951334218958
0.13905923843260665	0.9582557569080998
0.13949571252678447	0.9467915585588329
0.14985845231175068	0.9456684896616516
0.17734928034187708	0.9840974610445444
0.1796442892888182	0.982685285302247
0.2027562965674488	0.964382598121622
0.1709007275952315	0.9926705909450196
0.1989969874334574	1.0253841423953158
0.20174255028410631	1.0232603190343923
0.19575159134593348	1.0331233102429358
0.2232001799475951	1.0047686004545513
0.24816368217416152	1.0538500471229748
0.22357329489907576	1.0670377670479845
0.22022230024032732	1.0686945716595302
1.174277231218857	1.3155584587206037
1.9361709222715855	0.872113036623213
1.3155329199319452	1.3394876098828798
1.3376875001651656	1.328857373585678
1.7754850964616309	1.0297985815264696
1.7895297064283613	1.0006655071560524
1.6845365670579835	0.3623843105856259
1.6723012126107866	0.360416160141425
1.7073740180515304	0.365375454481108
1.6402837258294751	0.3579253934778141
1.4310647967059134	0.2516452694957049
1.1514045807016102	1.1493887398678175
1.3675366962849929	0.6056566010734461
1.363657708770372	0.6031658344090451
0.3754873993964462	0.379786318749199
0.3171336289632126	0.43421624204832193
0.9754421615945563	0.7158507869556282
0.8280687956579009	0.44324527120480034
0.8237814936680371	0.45063973473727176
0.8299414103201316	0.4545093186614768
0.8585797428236973	0.4182041706387174
0.2855596561808439	0.8628838565741441
0.1794260522417293	1.272336985408125
0.34603947784715955	0.9524958589988453
0.32565191370494545	0.9560096191137373
0.3004490547169952	0.9395194094605906
0.30018153833667655	0.9210388103749141
0.2856652547520059	0.9106198444644671
0.2737044565898926	0.9298120911679796
0.25235242549756576	0.9617806365171563
0.21613915548814758	0.9406424783577719
0.20531178198994365	0.9500718092986411
0.1983352363874257	0.955553719857734
0.2297050519321729	0.9252753376018065
0.44762530332079414	0.9352940017270726
0.4940041957823846	0.9983860108791964
0.46884357622296163	1.034479888515201
0.6285860547969734	0.9411873335655109
0.6031649587619967	0.9591453164309873
0.1598551170500012	0.8832992476215282
0.8579813509203628	0.24610776146657964
0.7857448883295554	0.29784676720871117
0.8177060558728722	0.2822238780909131
0.9570750501142623	0.1930677749214252
0.9826439841489282	0.3597489904994569
1.0559927516894752	0.34282512057863596
0.9568145736386461	0.3641300711489075
0.9189891654425508	0.3537555832143284
0.9351316670233658	0.3649084357317303
0.7976071278252717	0.33952263085049883
0.796016109352827	0.3230101822090232
0.7959316304958974	0.33106069589008835
0.7472647689921308	0.293710315428509
1.0886860693263483	0.28532621692645976
1.118359267827489	0.3341963932081285
1.134396170837142	0.258483758327063
1.846053101627829	1.2899836224409464
1.9965099458429145	0.555162978662725
1.9984599994573722	0.5521940737547819
1.4493685490435728	0.286660556210396
1.4146688585543095	0.2881728073993837
1.4809073223021791	0.41662520248632295
1.4219692397750783	0.342469296769323
1.3999976970652472	0.36950078676793574
1.4455318009574167	0.3818211861575967
1.4350423428869936	0.3042071177965271
1.4214060473955061	0.32829194187552574
1.4473762560006502	0.4147571274880222
1.4166681915019348	0.4155132530825161
1.4627162084405092	0.381899022615958
1.479520461067356	0.4348278142202577
1.498528203879512	0.31343629784559596
1.3794482151138763	0.38363366368586516
1.4481365657131413	0.2794996020522183
1.4417936115376577	0.29155313358588214
1.4884259405700992	0.38209917350854844
1.4076852730470266	0.42128427048672523
1.4231730634865123	0.3824327583295325
1.4472776973341905	0.2687248123324584
1.417717137308977	0.31562683816992615
1.4028981378202878	0.3670878565618961
1.4714668100387984	0.31719468682894625
1.41559812598066	0.29506689370077416
1.5077575190005061	0.3031396463693782
1.4000117768747145	0.34497118292709833
1.5424149700612422	0.42844522464490287
1.5497857503295358	0.33040464574228473
1.4478620094280579	0.27537426976539053
1.4218002820612192	0.33480796538006424
1.5113830699442758	0.41832648507294656
1.4177452969279742	0.3825884312462551
1.3985826762114266	0.3335292235661604
1.4431382333440161	0.3279361180662127
1.4076148739995644	0.38286641859720677
1.546012361386077	0.3852126318382596
1.4541204847465492	0.32188711331184194
1.4552116699820563	0.32166472343092256
1.4005890490638166	0.38305544999563274
1.5051105148163169	0.38221036844940315
1.4557889421712211	0.3215090505142
1.4338877985087894	0.3096445503797522
1.4871657976206707	0.3128803231436925
1.3630945163907373	0.3862245057953762
1.4203993410169287	0.32268771688220366
1.443300151153173	0.24807591191078057
1.4804567683984713	0.42477579161328827
1.5433935168208848	0.29600093119952947
1.473747739176272	0.38201021755681275
1.4240952910081603	0.30365114309541374
1.5467233917653382	0.3777069733649334
0.9758082366413345	1.191653936693212
1.7678960791463112	0.4434231831090618
1.8534238818961226	0.47909451997234653
1.7329570318957264	0.4281672372939511
1.8751208683209326	0.4874563794860668
1.8081643342890366	0.46029145555985046
1.8682217616705794	0.4848877763640946
1.8849837748689613	0.5492474078359578
1.3573147545948885	1.264553339583847
1.4134227954144107	1.283300806526311
1.397477411166452	1.2642308742570274
1.4108109907539212	1.2746387206733099
0.9859316196649794	0.3713688617654464
1.221338994440774	1.1246701046293444
1.2866200311432958	1.0418854715418369
1.6189739341656757	0.5620570649641154
0.9429178016716049	0.37061273617095253
1.272265665367782	1.0839393979804763
0.8875489508503414	0.3799419916659216
1.7117176392793265	0.34490446596290153
1.2728570173663514	1.0555735686987175
1.2405931339189538	1.125470708199706
0.944072346049809	0.37876332529870793
1.2456618653355411	1.110870812532399
0.9557374682126688	0.37844085997109833
1.2657044741452095	1.068472181778611
0.15653228201025013	0.8069639210743624
0.22384081127939445	0.6442746038547649
0.17430804149197465	0.7735164830186915
0.21162657654642988	0.6346228830329763
0.14549371136972228	0.8260672118261393
0.1866841940340959	0.7025963500664218
0.07933268657401728	0.888825636156489
0.16046054885810068	0.7744949984933146
0.17069657035767252	0.8042841230123257
0.1796090897651184	0.4629601341277228
0.1987013114342039	0.6379253727611135
0.10876652831383658	0.8744036523942335
0.0703004887858795	0.9122766490752229
0.18617732089239336	0.7443166916840774
0.13415242482517595	0.8204741063261916
0.20239022152067063	0.6938119497791918
1.7513171034712556	0.6182994657907167
1.74636805043536	0.6302640413718548
1.7735350428472356	0.6265056523877144
1.7345128508444088	0.9882116738372078
1.8067493134352162	0.8519978719143196
1.9830566878748157	0.5756562061676803
0.9005938943432593	1.4490368651106327
0.7705034945560933	1.3657963327687022
1.634377245748232	1.3072299576885869
1.7748867045582963	1.2324735992938156
0.83580565097291	1.0354361650022852
0.6338871030701797	0.9751685073347564
0.6480373116080721	0.9505165890604799
0.624918264424739	0.9644826735675222
0.6663692235646662	0.9725999042127841
0.6626169543354399	0.9769809848622346
0.6476923562755262	0.9665508994584133
1.8192099448342671	1.278007927365644
1.8195830597858103	0.8029275447400605
1.679193279356375	1.0241498785572798
1.8233071693960392	0.8045065128924549
1.1953054266928704	0.9702648104658957
1.2259360522393588	0.9174027358257929
1.2487171839949733	0.8763273248617764
1.2847755761	0.896753835403325
1.2391358736366684	0.8902155729112475
1.284571418862441	0.9137221833000138
1.225605176716343	0.9025137333133697
1.27418755936318	0.8457264772790294
1.2619029255827532	0.8758491866182343
1.3277330748554423	0.852531607627894
1.2433105371506055	0.8933067922526298
0.04278854104152068	0.9214613511484239
0.8955533225456693	0.6163869128165481
0.8846907495237656	0.6028433690822256
0.21509724958580773	1.2416583013670166
1.8264962462455685	0.8059854055997393
1.6863317427680498	1.0286977516176175
0.24776944750844845	0.7623858694896185
0.6696357393664226	0.5412413721307605
0.6387375974396156	0.5055922742565948
0.6253969779473816	0.5179460321287492
0.4979043030112377	0.462037216123132
0.5128570606901487	0.4540645389004281
0.528661646843183	0.44499103176808186
0.5434806463318721	0.4381080649608559
0.5586446011531071	0.4304022555949393
0.6713323564100292	0.3979555720022204
1.6273725405267165	1.3131788869970575
1.575565881506588	1.2766291101050498
1.5725457623708556	1.2726038532649122
0.39850084800861735	0.466596208676844
0.31937935857692396	0.4756919547975192
0.3403723545272376	0.5211929243868539
0.2054314603706356	0.5288653752702771
0.2707406566921548	0.5883991463316411
0.14813367564920923	0.6764210611089931
1.8227439770164044	0.7009506649490405
1.7242064302973747	0.7620856431511279
1.730401546473169	0.7660108245453653
1.7738236789417865	0.7821563298833634
1.5316298359915654	0.29614548462208756
1.445116446577409	0.32481154024312714
1.415372849028806	0.3059195198781053
1.502012956728357	0.3069981107994187
1.4955221645533092	0.3122798704659212
1.5009076916833826	0.31614945439012626
1.501506083586717	0.3196965729867216
1.7246921837247824	0.7579491913701356
0.7982759187760684	0.3106897828185722
0.8049004691413381	0.3025280741974424
0.7534176457394605	0.47521381655397704
1.7190461801191552	0.30211665291809703
1.7229392474432437	0.30450734413580777
1.7606942565919392	0.3142702598984511
1.7600254656411427	0.3179508124234401
1.7138788900361084	0.3662650140032054
1.7261846435307673	0.36934511385121316
1.7469171630055274	0.3741042572983057
1.7691703019052072	0.37949721190487284
1.1558256408816334	0.40927521692892926
1.1194574929677608	0.4336157893705506
1.8385837626931387	0.8140359192808044
1.9422393201619228	0.8613271274092886
0.8574040787312607	0.7567149275320997
0.8454784800928471	0.7662220949321202
0.8248937986177766	0.7824899147043475
0.8088146561796588	0.7947102386481082
0.7540371573570274	0.8529763873897328
0.8430145134319843	0.73422019110045
0.8281180749910682	0.7458845403430975
0.8596427684402695	0.7695134651660929
0.7615487357201827	0.8470385775746366
1.4216454041568276	0.3307493500574333
1.4219340402513787	0.333473626095338
1.7625739111588725	0.5397958379067597
1.5006120156840665	0.4937722520980149
1.4519733137992974	0.6202453772465887
1.2274144322358764	0.34591633992001813
1.2486045455190466	0.37477142694027377
1.3424816752966693	0.5695404844491126
1.1387890713981677	0.8162486985934636
0.9890010181338791	0.7443834086482742
0.9880576708979989	0.7501655455458578
0.9939711908840072	0.7560143994084282
1.0326554674590531	0.8041729280714709
1.3855588524327411	1.2049750905466152
1.3801803652074327	1.2067542095923902
0.7275459958007134	0.7101576060097804
0.9065989330909622	0.3874031721633799
0.7456315110912215	0.49475076757263803
1.0980702623517342	0.5786584695573268
0.789947711462427	0.5809713243166762
0.7972058532547937	0.8032055320910122
0.4793048746743873	0.8351963164285179
0.48429616713874757	0.8420570442474148
0.4887524268424705	0.8470496970688012
0.7567756803029112	0.856067606731115
0.8242179677622149	0.44770418831261216
0.9066693321383618	0.3970104150093006
0.9039308091924778	0.39288508272247286
0.8696253533689902	0.39834475429323685
0.9076478788980044	0.39957901813127283
0.8574603979691928	0.4071069155921379
0.9078590760403283	0.4011468667902929
0.8956026018788991	0.4080854310675512
0.9127658896477591	0.4082188649959448
0.8542642812148987	0.41128784534978813
0.9674096302802312	0.4117993420750336
0.9184611725866784	0.4117437446050013
0.9042476049060263	0.42126203149839625
0.8770031735419862	0.42381951512620397
0.9545547642154673	0.4153909386482869
0.8972921790177406	0.428567539079132
0.9410803865330739	0.42029463551714746
0.8913293796985027	0.42705528789014424
0.9433120363373179	0.4210952390875092
0.8686045671809451	0.42932366467362587
0.9585956695392448	0.44220003876519026
0.8109195876985082	0.44669231435549556
0.9639741567645531	0.4517628036352431
0.8034643285732852	0.45232989783052097
0.8920052105540643	0.4511845899450107
0.8950394094992643	0.45122906792166867
0.897432977112665	0.4521075079503917
0.8014720355304251	0.45425357029885405
0.8881543826584409	0.452685721639834
0.89995326301146	0.45404229991209916
0.9476838171841112	0.4563996326473164
0.8859016131399645	0.45492073994082216
0.9069438884234454	0.4586346509483046
0.9018188377689257	0.45718911672430373
0.8844795523814417	0.4581120347288946
0.8104619938900355	0.4601246631489634
0.8084978604661102	0.46168139231381894
0.9023045911963333	0.4602692165715215
0.9718940496029513	0.4678193530207155
0.9772443772093249	0.46967630852485176
0.8843598740007497	0.46149236091539303
0.9021074738634768	0.4620038576406385
0.8849653058088491	0.4636384232638554
0.9836577304322707	0.4703990756368522
0.9010233285327347	0.4647614921618268
0.886619683423991	0.46621814587999205
0.8990310354898121	0.4670854664145506
0.8886049365621488	0.46784159200904446
0.8964966697815496	0.4685532396276705
0.8913152998890352	0.46893130242452236
0.8931738347417986	0.4691425728112773
0.9890784570860437	0.47263409393784034
0.9582366343972314	0.47637024393365174
0.9912537876523556	0.4749358292030253
0.9945062236446444	0.4829974623782549
0.9990117626815971	0.48871288231164167
1.0119651874128204	0.4987537854252367
0.7490951442258968	0.4977419114681201
0.9275778492317457	0.5021674700934384
1.0129366942676357	0.5005329044710117
0.9809192074863242	0.5031571050630163
0.8691747994652824	0.5070266889864311
0.8566367291140045	0.5030681491104905
1.0134365275045731	0.5069599720222343
0.8652465326174318	0.5131646496941178
1.0131126918862599	0.5154552654651383
0.9493381947992531	0.5197140316803597
0.8593470924409535	0.5232945087594485
0.9458745616645777	0.5204034403106568
1.0090365870387825	0.5229720434326289
0.9527947880291635	0.5204145598040312
0.9560965033546821	0.5229164459618065
0.9432275574803882	0.5218044965587897
0.8787772295377574	0.5295436644064098
0.8751587184987527	0.5270862562252923
0.9411226259615386	0.5250291498285655
0.9577156814460616	0.5255406465546012
0.8403323097240951	0.5292767965496225
0.8710051746990483	0.5296437398531
0.940355276344345	0.5281537276524412
0.8489139536085252	0.5318676386599237
0.8899143588447446	0.5330129465454339
0.9582718339209313	0.5292211990795902
0.866816431375644	0.5336245187173697
1.0025317150542048	0.5297660542873291
0.8447463299993533	0.5348143045787478
0.9407424711052932	0.5313450224405136
0.7756003855916781	0.5285095514617543
0.9572932871613512	0.532801676158679
0.9422278910065758	0.5342027324076021
0.8475834116116342	0.5384837376103624
0.9549349190717128	0.5356927446074707
0.8546514759758468	0.538594932551217
0.8312297128884952	0.5366823795770485
0.944910094714465	0.5365155871661614
0.9517951215553508	0.5373161907365231
1.0032075459097665	0.5306000163401843
0.9482751691826807	0.5376052975816393
0.8570028041607826	0.5414971204941733
0.8071743583740468	0.5506818225665843
0.9046277597622719	0.5511154828334685
0.8383400166811725	0.5460894715303788
0.8227114281467623	0.5438655727235551
0.9010092487232049	0.5547070794067218
0.8412826968646779	0.5495031561985806
0.827033929660326	0.5499924139362872
0.8995379086314521	0.5580540471115168
0.8229226252890863	0.5532726646760954
0.8301526074624556	0.5529724383376048
0.970450869130196	0.5556522363996416
0.8998054250117707	0.562902146510345
0.9114564673651631	0.5592327134787304
0.8283011125144571	0.5601667509774858
0.9067678908048212	0.5632134923430001
0.8304482834617716	0.5630578194270676
0.8016832326727489	0.5608005621377505
0.9021637931014715	0.5671164347496986
0.9057611844262438	0.5703633270078033
0.8040838401908521	0.5688510758188157
0.9190666043947153	0.5694848869790804
0.9098584089879534	0.571920056172659
0.9150116192614703	0.57189781718433
0.7968679378270128	0.5744997787880055
0.991387545842515	0.5802707961922147
0.8112223036025268	0.5788586204499172
0.8158404811154064	0.5852745685077655
0.9324635431249442	0.5855747948470462
0.9376660327316283	0.5916682775780748
0.9594686177276004	0.6024541867912092
0.9446636980483786	0.5991628165572366
0.8617265802448242	0.6438409435878807
0.9256489153315204	0.598484527421104
0.9610173967715803	0.6981151939702811
1.0267278676635776	0.5314117394047104
1.0313601249859246	0.5378054484742297
1.0127747764585415	0.540563082994628
1.0098391361797385	0.5394400140974467
1.0270587431865932	0.5414748815058443
1.0186108574923227	0.5428536987664385
1.0081988383741267	0.5488471060507769
1.0240245442413933	0.5457002892385724
0.9946118222158064	0.5603780213642406
0.9920563367933115	0.565871051417498
1.018005425684223	0.5668940448687791
0.9957663665940107	0.5721313265594139
1.0056574327610992	0.5777133125644069
0.9945766226921067	0.5806043810131988
0.9876423165180533	0.5889995990094125
1.0648841513827512	0.5856859897871108
0.9862484153784654	0.5963384650718515
1.0062910241881338	0.598818112242088
0.9326184210293358	0.5947928554011604
1.059041030444205	0.5948039748953249
0.9292533465611199	0.5958158488524415
1.053071191220202	0.5967387668578225
1.0236936687183775	0.6027655326238643
1.0355981476425584	0.6031769539032096
1.0598998988230932	0.6174766232320261
0.9730133944574558	0.6145521963007409
1.0368582905919872	0.6110940336558811
1.0335354555522362	0.6178546860288779
0.8998476644402355	0.6219466598340024
1.0237077485278447	0.6236145839389227
0.9758645558792668	0.6216019555188539
0.9065918931861972	0.6301639659251645
1.0278964918512492	0.6288407461353928
1.03630917802182	0.6287962681587349
1.0166819235920972	0.6314538272332328
1.0410259142011593	0.6341002668135663
0.984988272429099	0.6354902035675348
1.004819684096381	0.6376473854101617
0.9925913695539489	0.6399824791578401
0.9558853062122957	0.6371136496965872
0.8755951925929305	0.6411055480550214
0.9507884151767734	0.6411611455258438
0.9912889871760553	0.6453754337644073
0.865507009093048	0.6483554581657248
0.9933727989806725	0.6586521096419427
0.9295983018936032	0.6579849399999745
0.8507513687469935	0.6593637572597786
0.9993285583951456	0.66822599400537
0.8825154189575164	0.6702497419196032
0.9875015184231292	0.6774551740544388
0.9813416017710346	0.6822587954773991
0.9070354071851399	0.6793788465219818
0.9543998863110754	0.6898089319265932
0.9104075215581207	0.7056875694078041
0.9374900351130042	0.7164734786217285
0.9251279623804128	0.7243460803977421
0.9258530725691417	0.40750721737731876
0.9893248537521301	0.3890043793041033
0.9567371346864815	0.3899050583211553
1.0067697377108389	0.3933521014718505
0.9677897851364766	0.3936078498344733
0.9365396479724215	0.39558711977283867
0.9759067953077315	0.3988451315251079
0.9149412202140083	0.4016583635155384
0.9215868902935104	0.40300382229363907
1.0219196127226062	0.40786304118663175
0.9406087129151338	0.4100647010059166
0.9521471167925991	0.4116547886524755
1.0295860689901533	0.4263881182481762
0.9867060091869382	0.42785589146050595
1.0152035435956421	0.4327151103542888
1.0001240676313365	0.43424960053081535
1.0263265930930994	0.4363623043975744
1.035401030309702	0.4481823265561543
1.0426028528640738	0.4710440062912814
1.0495653186571245	0.4710440062912814
1.0679957892801157	0.48794563722377343
1.0484811733263197	0.49644093066588724
1.074599219931153	0.5004105900359924
1.076556313450313	0.5125085995455241
1.0776404587810555	0.5192803714126853
1.0592663073960589	0.5208593395658699
1.0856870699049106	0.5417528688567961
1.0816250448669007	0.5548738718176088
1.0887846279928077	0.5604113798467341
1.069255932229482	0.5478129931053314
1.2191566239696974	0.2384353105823664
0.9182288557300596	0.1341455760327871
1.245704104764006	0.194390994711987
1.001454609628165	0.261808487042739
1.1866604236657432	0.29908103104674716
0.826921291184399	0.41487944192225135
1.2784396618293439	0.16142169489906807
0.6919663172183296	0.21694132861366894
0.7836821962391706	0.5847297133000265
0.9011359670086617	0.739179485440133
0.5637344522839268	0.8415455475221693
0.51109004459908	0.8826876754495925
1.4442223786747581	1.2747165571316712
1.4502555770414585	1.2817218383731264
1.828847574430504	1.2919184144026539
1.809741272951951	1.3053396437027474
1.7687901470489615	1.3362295981306105
1.3840875123409884	1.2215764951406167
1.4449545287683145	1.2652316287199796
1.403067095534147	1.2976004758543371
1.3398135513982474	1.3341836112280483
0.6387657570586129	1.0052244997105546
1.5865340530996537	0.797645785073558
1.6110540413272774	0.8115340331230291
1.1055536810959548	0.6483665776598894
0.998244413064341	0.7209768737054082
1.0025387549589697	0.7009061869731726
1.73927182645215	0.13760373867764678
1.7243894678207639	0.144208718133921
1.7322952808496321	0.1395607696276832
1.7308872999006393	0.1416289955177843
1.7094507899513827	0.14815613851569723
1.6924775796106142	0.15409394833079343
1.673350158417829	0.15997616067506723
1.6437473589641505	0.1693387746517396
1.5908635945179823	0.18758586436233227
1.557994279262485	0.1999841002111446
1.5399439634956769	0.2068893060066995
1.4912982217061426	0.22379093693919153
1.4678764586187285	0.2317413751735664
1.442448322678987	0.23981412784296052
1.4364432839312844	0.24161548587627438
1.402778459439596	0.25073347098448845
1.336476636549029	0.26715696367343833
1.3397713119697827	0.2674015925426867
1.328444105234704	0.269214070070165
1.3968438197393553	0.25226796116180517
0.8780873188727283	0.07299947833653518
0.8089765739888153	0.14974622616304625
0.7790992182500532	0.2838918021958333
0.7739671276907686	0.284002997135898
0.7801763236760929	0.2847924812128853
0.7659979555192031	0.28713869445393814
0.7819433397670992	0.28779474460174176
0.8791644242987678	0.28881773805302285
0.7546637088793592	0.2921535862636534
0.7519533455524101	0.29374367391021233
0.7494752990821424	0.2948667428081837
0.811686937315702	0.30191650202550663
0.814685936737202	0.30282830053672305
0.7347689380693176	0.30374009904714944
0.8021689861001565	0.30458518059416906
0.8171921428264672	0.30467413654590475
0.7888494863222175	0.3051522747894469
0.8186986824419823	0.3069202743410574
0.8197828277727244	0.30975574531981687
0.7920385631718092	0.3129359206137248
0.8201137032957402	0.3131805494829732
0.8205290576757481	0.3174393156981946
0.820866973103529	0.3225320439654811
0.7691799924640299	0.3241221316128301
0.7544877112607351	0.3242889240229271
0.7832175625259954	0.32445571643381416
0.8089272946555855	0.3261236405387344
0.7383100101561577	0.3261903575029312
0.730164840365968	0.3277915646444447
0.8330530482174962	0.3308827839858269
0.7154655192579082	0.3310940543725818
0.9032831379559135	0.3344966195466191
0.8494137868454001	0.33496363829599674
0.7965793017324617	0.335964392759739
0.865021255665578	0.33988957415397636
0.8762921431627245	0.3408124921585672
0.6881366090369386	0.34094592608696084
0.6775767519190533	0.3450156609037563
0.8008314041985631	0.34831815063189336
0.9151242577373974	0.35017510613523956
0.7945729288800717	0.3605051160939508
0.8075122738018277	0.36133907814601585
0.9213052941037243	0.36636508944989565
0.8105816722707274	0.3666875547767152
0.9773077363520222	0.3670322590918637
0.8000781343908369	0.3672880074544865
0.8048863893318081	0.3742821692025672
0.9354836622606141	0.3777180928590979
0.8793263421079246	0.38038677142776034
0.9451494514758487	0.38221036844940315
0.9302952524633973	0.3834557517808136
0.8111730242692969	0.3858686819868533
0.8619307374824458	0.3861355498436405
0.8174385394925534	0.39743295578202037
0.5494645653653425	0.41330047376985685
0.5533857923084281	0.4217290502477739
0.5179961911541359	0.4279893253896897
1.3564699660254678	0.4171589381998974
1.3448963626243022	0.42976844443467455
1.0973733117819402	0.5502592817930744
1.371246726085692	0.5769015894998808
1.4692773996630817	1.1559158828665206
0.9057963839500062	0.9467804390646685
0.9232483078134172	0.9473364137665718
0.9461561578543638	0.9851315739899901
0.9579831978263803	0.9871442024100588
1.0664399703314333	1.022593149392424
1.0792877964914949	1.0665040313344099
1.0795834724907483	1.0857629950021193
0.6686853522258398	1.17831054385227
0.6867145482783531	1.1958015079683688
1.3453046770995454	1.2100900578030207
1.342460555582437	1.2333186808408352
0.6040590266645848	1.2521328647474959
0.5966460069678889	1.2676223199376904
0.734107187023286	1.2785639020675472
0.736402195970227	1.2850799255712957
1.2286956948995378	1.2875373337532032
1.4052353861956937	1.2822444545925362
1.2223105012955893	1.29063967258875
1.2309555043227165	1.2928079739255414
1.2250771838604706	1.295699042374333
0.7298410047476546	1.3020593929621491
1.3985474766877268	1.3022817828430684
1.3791947785430876	1.3112329755411856
0.5535477101175849	1.3146577797035517
1.4921359703707986	1.3160810749400138
0.6033127967616234	1.3178490744916243
0.4449923789461347	1.336407510034872
0.4460835641816418	1.3448916839836114
0.46350732842605546	1.357723580099308
0.43332725678327494	1.3787950212944957
0.7942068538332935	1.4025240215641812
1.841019569735004	0.8136356174948335
1.8416883606858006	0.8144362210659852
1.8299246798565438	0.8265453500696814
1.8170346142680176	0.8349183290775661
1.8019762580179446	0.8523981736995004
1.7569138277437153	0.9322139018798549
1.7497612845225732	0.9413763649639367
1.7318165673269896	0.975135148853053
1.7099717429025527	1.0208140303466493
1.6947866683670854	1.0451546027882705
1.6955399381748115	1.0509256201924797
1.607076495146197	1.2169841441044111
1.7507891106153832	1.1257375760564932
1.7556325650801166	1.2583264229244246
1.7579416538365253	1.264886924404831
1.7582795692643058	1.2687565083290362
1.444567334007304	1.2705356273748112
1.4542964823652358	1.2819887062299136
1.8092343998103113	1.289972502946782
1.8249545071064162	1.2953543380591845
1.7829755551105537	1.309275944591149
1.6960256916022192	1.3387759622642539
1.9063287660565233	1.3851553718823115
1.6118213909445336	1.4042253041515949
1.5613945532544007	0.20748975868447078
1.6368200926947998	0.22223420777433592
1.567315113145174	0.22773835732096775
1.6405653220192613	0.2361558143055104
1.6426632136333459	0.24524044093202113
1.645070861056214	0.25522574657479374
1.4467074650498535	0.2592398839207668
1.6864795807676765	0.26785749179789986
1.4505512530407745	0.26784637230373537
1.6839874544878788	0.26969220831370716
1.5811626057790478	0.2748738925335194
1.5665407236231528	0.278543325565134
1.557360687835388	0.2801000547299896
1.5524538742279574	0.2802557276467122
1.532453504846754	0.2847702422245563
1.633863332701827	0.28712757495977365
1.5273214142874694	0.2893625932607618
1.653032993323077	0.28990744846850075
1.620480473781128	0.29070805203886246
1.6671691220515021	0.291953435371063
1.6729277641331186	0.29600093119952947
1.622029252825108	0.2976910942927787
1.588413707666587	0.2994257353618957
1.6743709446058739	0.29970372271284745
1.6790032019282835	0.30027081690891533
1.644444309533882	0.3009824645267513
1.6751101346041328	0.30160515619285155
1.458527465117105	0.30211665291809703
1.6576230112169594	0.30277270306669074
1.4598509672091684	0.30600847583063107
1.4642861071987214	0.30725385916204145
1.599311480212253	0.3472062012280865
1.2396075472546086	0.3482403141735321
1.5708280256130165	0.34985264080842
1.5667800803845364	0.3506310053912428
1.5898991275678698	0.3506310053912428
1.6373480855507347	0.3511647411048173
1.59937483935495	0.3514204894674401
1.5936936362255607	0.352510199882918
1.6495904799026966	0.3530105771147891
1.6137925642731614	0.35372222473262505
1.5647596277226166	0.3548341741364319
1.6661342560539898	0.35574597264685826
1.6354402713647416	0.35715814838915577
1.6380661558347611	0.35758068916266555
1.623057078917918	0.298791924201631
1.5893500149977022	0.35716926788332026
1.6684574246198658	0.3603716821655572
1.679298877927537	0.3615392290386063
1.5660056908625153	0.3616837824611644
1.6652894674845689	0.3619061723420838
1.586083499195946	0.363073719215923
1.6346236424143181	0.3633628260602491
1.6371087287893509	0.36486395775507235
1.5815709202542283	0.36494179421343365
1.5714475372305834	0.36509746713015623
1.6647966741523963	0.3651753035885175
1.6713578653749064	0.36627613349736987
1.6783555306917193	0.36739920239534124
1.6613048813987235	0.36761047278209613
1.6670424037661078	0.36855562977501594
1.6836002597268682	0.3682331644474063
1.6708017129000368	0.3687335416792774
1.6770953877422905	0.3698343715889198
1.6831145062994606	0.3709352014977721
1.7049874903428948	0.3743822446484673
1.6915835117079638	0.37473806845778035
1.6357852266972874	0.37481590491614164
1.6657048218645143	0.37731779107391705
1.6695134103316729	0.37789600476335933
1.6650501107231852	0.3815876767833029
1.5666252024801448	0.38767004002016714
1.6207902295899117	0.40230329416917754
1.088003198566084	0.4873785430277055
1.0867782551404177	0.5223382322723642
1.009578659704185	0.6595416691648301
1.010557206463765	0.7292275382790637
0.89691906406626	0.7324521915488396
0.981151524342943	0.7459512573072943
0.915722649640732	0.7503656964384482
0.9094008151795432	0.7535903497090141
0.9651920602855171	0.763297668000835
0.9793070692997098	0.7689574904641894
1.8739874436569606	1.3000356450479158
1.9250901122025927	1.3257216762676378
1.8888768421931121	1.395730010709481
1.2678164455687615	1.0407735221388201
1.2682810792819366	1.0953257598721722
1.2493437355173054	1.1077351152143589
1.2689921096611982	1.1162971256214596
0.4947856252091082	0.8574019460150513
0.5122234692630518	0.8818092354208694
1.731478651899209	0.22009926491924794
1.7216791044938773	0.230473752853827
1.7140830472737298	0.28013341321169294
1.7132593784185415	0.3002263389322574
1.715941582126493	0.3011714959251772
1.7119499561359452	0.3097446258256524
1.7065081097678774	0.34375915807739127
1.701291540351663	0.36468604585081094
1.704593255677182	0.3649306747192692
1.6992781275945081	0.3735371631022378
1.7022912068254756	0.37404865982748325
1.6985600573104815	0.37677293586617805
1.6939770793213644	0.3942861389706058
1.6987642145481032	0.3957094342070678
1.6933927672274973	0.4117771030867046
1.6817910042073347	0.4370961910037393
1.6635506110124976	0.47520269705981255
1.6566163048384444	0.4956959245655579
1.6378690385018422	0.5295659033947386
1.586301736243035	0.6177323715946488
1.551243010611821	0.6693935408792091
1.554143451366799	0.6704498928121936
1.5018017595860333	0.7501321870641544
1.4802314914466175	0.7782867459591584
1.4475663334287416	0.8859456872018617
1.6020288834439045	0.9746792495970497
1.608505595809485	0.9917254339520998
1.6042182938196838	1.0009212555186753
1.5521018789907093	1.0741320042419653
1.5410140290169516	1.0829497630116887
1.532967417893159	1.096104124454995
1.4112685845623314	1.2036741097443824
1.4011944808719161	1.2078772784895715
1.40248278344028	1.2106126740224308
1.39693533850105	1.211090812265973
1.3820952192981284	1.213892924762239
1.3827921698678598	1.216861829669392
1.365664081622762	1.2197751371065126
1.3518799481315853	1.2241895762384567
1.3808702758724618	1.2628742959847623
1.7271279907666477	0.24883203750448435
0.5861424690879984	0.9157014532383793
0.6031367991429993	1.0033008272422215
0.6224261381449414	1.028619915159256
0.55554704306521	0.9194820812100585
0.5793419211041045	0.9527071293848101
0.576321801968372	0.9036256827163864
0.5800951909118309	0.9617695170229918
0.609747269698739	0.9396750823765231
0.5872758937519703	0.9829187946773309
0.6027566442867537	0.9232515896875733
0.6084237676066756	0.9300567200364379
0.6133305812141063	1.0168999684465763
0.5822423618591454	0.25501447618803885
0.6062695567545964	0.2441729695040821
0.5523438864061507	0.1346459532638681
0.6106342976966872	0.2548032058012839
0.6157804680654392	0.24009211519391224
0.6258756914700867	0.26417693927212077
1.4703756248032913	0.8935291821335491
1.420631657873485	0.9035256072704863
1.4640678701515701	0.9047265126260289
1.4582106694035566	0.9152010760065081
1.3906557434683258	0.9167689246655282
1.292568750653004	0.9176473646942511
1.406685606573214	0.9259202682562357
1.2865566720005988	0.9264762429573491
1.2865566720005988	0.9321138264331645
1.294969358171107	0.9406424783577719
1.44186401058512	0.9460243134701746
1.3034946828176048	0.9480591808785723
1.295856386169055	0.9610133914292881
1.2997283337789112	0.9648940948468675
1.2836773509597905	0.9750795513830206
1.3037199597694589	0.9754131362040047
1.3160045935498854	0.9856208317276967
1.2689498702327333	0.9869218125291395
1.318729036686302	0.9878892085103882
1.3068386375715884	0.994672099871714
1.3284511451394687	0.9959730806739467
1.309584200422237	0.9969960741244378
1.796682249649566	1.0257510856980032
1.799118056691369	1.0268963935835134
1.7960768178414663	1.027052066500236
1.7974284795525273	1.0276969971538752
1.798491505169037	1.0282084938799108
1.719482654213333	1.002533582153563
0.21023971531160676	0.8036169533703575
0.22018710071662753	0.8077756441388887
0.22316498042383276	0.8056518207787552
0.22755788098485852	0.8018155953362536
0.23731518896178774	0.7993359481668071
0.2704942600260685	0.8312266570576226
0.23424579049282543	0.7953329303142085
0.22529103165691478	0.7720264708180327
0.28516542151513086	0.8315713613727711
0.28398271751792925	0.8268566959023365
0.2744647663023838	0.8355632597312053
0.27755528448551603	0.8409006168677401
0.29243060321219994	0.8615717562777468
0.2972177384389387	0.85428848768534
0.30189223518981306	0.8573574680391834
0.30536994813395585	0.8596480838102039
0.3005898528119195	0.8669313524026107
0.27263439106861787	0.8654302207077874
0.2636162730899475	0.8705340684700285
0.2554147840617631	0.8905380382380671
0.30106856633456214	0.8710122067135706
0.310283801646089	0.8446812448394193
0.31916816143460003	0.8305594874156544
0.2979287688182002	0.8754044068571857
0.29366962644733374	0.8814978895882144
0.3163170000127892	0.8350295240176308
0.29358514759040416	0.8515753311408097
0.28291969190135696	0.8446590058518805
0.23317572497155073	0.7939318740660755
0.23903292571962675	0.7816559526514923
0.2413138548570379	0.779465412327162
0.2502474939787787	0.7708366849558645
0.8818888674351845	0.83054836792149
0.9732386714093098	0.21862037221275366
0.21775833357952704	0.3247114647964369
0.3228852311400641	0.9364281901184183
1.576368430647544	0.9581668009563641
1.3204749330630758	1.1794113737611223
1.3934013063189747	1.1963574826702723
1.2464292149527347	1.285202240006315
1.7190391402143903	0.24769784911313858
1.5985793301186966	0.5965163769769031
0.7106502244121722	0.45971324186961804
0.7374652215867368	0.5163003470113678
1.0787386839213273	1.1130947113392227
0.921136336389865	0.7750176147135147
0.9562865807827737	0.8353964673211083
0.6521697356935442	0.7697358550470123
0.6390684729626315	0.7805662422368045
1.7770690750293103	0.9066390656001975
1.33931371816131	0.9836860397651991
1.4711500143253124	0.629863739586674
1.515325416601594	0.6516134699179941
1.362552443725335	0.5052586894356107
1.3636365890561395	0.5230276409026613
1.3472054513807736	1.2303608954278467
1.3341605078878556	1.2334743537575579
1.0080439604697349	0.6916770069241038
0.5815524511941161	1.1150072643133913
1.6301251432821304	0.8595368888701392
1.598797567165848	0.8143250261251306
1.587505559954469	0.8343734738698272
1.603134148488879	0.8070528770268882
1.5977979006920355	0.8776727836398771
1.6149119091276658	0.8508414445346448
1.620987346922768	0.8171604971038899
1.6049363641036476	0.8447590812977807
1.6151301461747547	0.8274237900984044
0.581475012241889	0.2631428263274653
0.8603537988195311	0.34738411313313805
0.858748700537619	0.35579045062272613
0.43375669097268776	0.45792300333046865
0.37565635711030543	0.4710662452788203
0.33535994234858235	0.47588098619594515
0.3807462082411252	0.48048445672631507
0.37755009148676855	0.48969139778705495
0.21331615368527151	0.5779468219394909
0.21757529605613798	0.7104467128548966
0.14816183526814408	0.7974233951926385
0.06176812423467924	0.9063610782492457
0.8989113571091201	1.4482918590103033
1.6334127787981192	0.3856462921059339
1.6641982822490617	0.393340981977686
1.460871753397276	0.33106069589008835
0.9645162294299553	0.6079472168444666
0.8896116429406637	0.3919510452237175
0.8780732390632607	0.3945641263215576
0.9273877718035917	0.41573564296343546
0.8978483314926103	0.4372629834138363
1.8979864789334147	1.279575776024664
1.9284340669565765	1.2949540362740037
1.9117706124245915	1.0604105486033812
1.25144162713139	1.1046216568854377
1.2767008053572726	1.1052554680449125
1.2591644026368694	1.113150308809255
1.267802365759294	1.1148071134208009
1.2639233782446733	1.1184876659457899
1.2714771960362934	1.1189991626718254
1.0774996606861935	1.1530581728994322
1.0771899048774103	1.162854447143779
1.0896998156096909	1.1665794776454257
1.0944939907411944	1.1722170611212412
1.0897772545618554	1.173773790286097
1.060463091202728	1.1762534374555433
1.0764647946886188	1.185504856492151
1.0761339191656027	1.1933329802922967
0.7729252217884913	1.2572033540272434
0.7755018269252185	1.2589046366146572
0.8097439236060716	1.2623961577412202
0.773185698264045	1.2662657416654253
0.7691659126545	1.2675333639851647
0.8134821130257681	1.2678891877944776
0.8031545727645016	1.2711249605584178
0.7773462819685145	1.2724148218664864
0.7190769903922104	1.273215425436848
0.7200836967707879	1.2776409840621663
0.7406190989126288	1.283778944769853
0.7079046615615232	1.2942868666320355
0.7272643996109274	1.2969110672240403
1.584020807105561	0.23010680955034954
1.5691384484741748	0.234176544367145
1.6875355664794838	0.26707912721586713
1.6887182704766854	0.26868033435659056
1.6884648339058341	0.27037049744983976
1.693259009037338	0.2768865209535882
1.61559477988793	0.27828757720251124
1.5985230108807642	0.28292440621458453
1.5919688595629569	0.284714644754524
1.617396995502761	0.2848591981770821
1.5887727428086003	0.28558196528908253
1.5901455242339557	0.2906079765929623
1.6906049649483834	0.29323217718496686
1.6985459775010143	0.29452203849303515
1.7133931366087007	0.2969349686982848
1.6451623798179085	0.30211665291809703
1.615383582745606	0.35643538127715535
1.633743654321135	0.35924861326758584
1.637249526884275	0.36378536683375895
1.3456637122415587	0.5796703435144435
0.96460774819165	0.7025963500664218
0.3656948918958172	0.25760531829834
0.36726479065402945	0.22155591863820334
0.5883459592732451	0.3323283182098277
0.42003591662427076	0.34121279394374804
0.3719181676906089	0.37628367812847147
0.9534494991704302	1.3308144045357144
0.6077127372274143	0.24809815089831944
0.6426306647637038	1.0003319223350684
0.7061024459467545	1.0614113030671235
0.7320726545518986	1.0863968061623839
0.7305027557936864	1.087942415833075
0.7197809808667068	1.0985392936477834
0.69592978358988	1.118921326213464
0.6790832915345684	1.130763587360373
0.6901429818893287	1.1506452426941824
0.683905626285007	1.157939630780754
0.6755633391618983	1.1661013394018835
0.6656089138521751	1.1759198526345593
0.26153246128539287	1.0395281388066195
0.24410869704091662	1.0458884893944356
0.24869167503009643	1.0224374764757016
0.24812848265046172	1.0123409758920743
0.2519018715939206	1.0068701848271457
0.24052538552561184	1.2747721546017035
0.2418136880939755	1.2763622422482626
0.24011707105036884	1.277796656978889
0.24501684475303462	1.2739715510313419
0.24315830990033382	1.2753503682911458
0.2441931758978462	1.2764845566832816
0.2329645278292268	1.2428369677342301
0.22274258613912237	1.2541454931675646
0.22429840508786716	1.2529779462937254
0.26597464117958586	1.27003525014294
0.2619618954748057	1.2648090879464697
0.26536920937154884	1.2704244324339564
0.28049796466902144	1.0730867718031454
1.4656166491955498	1.1589292657495416
1.4493403894245753	1.1425280120489205
1.4181113719746898	1.1980365262693569
1.412859603034776	1.190942289075376
1.4130637602723974	1.1873951704779906
1.4465385073359318	1.1597743472965611
1.451832515704373	1.159841064260758
1.4570842846443495	1.1659567859793256
1.4321067026082532	1.2486079851384393
1.4228985072014915	1.252655480966906
1.6133138507505187	0.9846089577705801
1.623057078917918	0.9904578116323604
1.6198820818777937	0.9755799286141017
0.938454502063117	1.4663387978283056
0.38992624402888976	0.2821682806200907
0.35346657735332276	0.2901075993610912
1.4360772088845686	1.1831252847686047
1.1515312989870046	0.41214404639018215
1.3074088698559254	0.22405780479597875
1.3409188164432222	0.3298041930645135
0.1363981544388873	0.9533409405450748
0.2512119609288914	0.316405202752749
0.6578298191087011	0.40427144461337844
0.26843156793568373	0.9804391475070944
0.2754785125856638	0.5103069397270293
0.14226239509166577	0.675420306646041
0.1535896018267447	0.6771215892334547
0.19371705887454607	0.6173654282911714
0.12017117400114263	0.6523807150066525
1.2784044623055817	1.3553328888815972
1.2516669040831816	1.2999022111195222
1.606787859051646	0.8416456229680694
1.6167070848376695	0.8250219793865292
1.9621059313529672	0.6025987402137674
1.4048693111489154	1.2157054022897171
1.3991106690673614	1.2034406003700886
0.884571071143136	0.7155283216288086
0.8701955856533272	0.7256470611999749
0.8425146801951093	0.6894086301414123
0.8566508089235344	0.6782335386364715
0.7375497004436664	0.5520717593205527
0.7381058529185361	0.551626979559504
0.7355433275912764	0.5484245652772671
0.7410344532925741	0.5437877362651938
0.7407035777695583	0.5548738718176088
0.7461876635660912	0.5506484640840908
1.7288457275244868	0.2626202101072652
1.7325768770394807	0.23396527398039008
1.7307394619009497	0.23358721118353817
1.7265859181012453	0.26229774478044565
1.3930774707006615	1.2628631764905978
1.401870311727478	1.2664214145813577
1.4089594958059226	1.2721590735030734
1.4123879294168358	1.2780412858473473
1.413598793033035	1.2883712958060585
0.14739448565095037	0.8410118118085949
0.37827520167555995	0.5031571050630163
0.5085838385097524	0.4429339253713552
0.18638851803477985	0.6513910800370747
1.423525058723823	1.1937110430899387
1.501836959109733	0.911186938660535
1.5853302293882197	0.6091926001758771
1.5968052741229255	0.5890329574919059
1.5946792228898434	0.587709737701344
1.5832041781551378	0.6081028897603992
1.5656466557205646	0.6561057455075093
1.5674840708590332	0.6571954559229872
1.582472028061644	0.6348675119022247
1.5802122186384024	0.6334219776774338
1.5704830702805332	0.6422619754346962
1.4146195792210798	1.259282699411509
1.4062350526695064	1.2173399679129342
1.425503271957216	1.2404685155048485
1.6159467751252408	1.204730461678157
1.7609124936390281	0.3123910654059859
1.4152250110291793	0.48863504585407047
1.385572932242271	0.4904364038873843
1.372633587320515	0.4912703659402395
1.361749894584379	0.4921488059689625
1.4300017710894037	1.1732622935600612
1.4255173517666833	1.1767093367107564
1.2821708113442754	0.2909082029314529
1.3799128488271142	0.2656447124852407
0.8018662701961381	0.799925281350414
1.13124229351125	0.9406424783577719
0.8963065923533955	0.7405471832065627
0.8319196235535242	0.7650990260341488
0.8411066992460539	0.7780643560790291
0.8400647933437765	0.7767411362884673
0.8441690578102512	0.781744908604018
0.80854713979934	0.8098994674998121
0.46033937129069613	0.7084118454464988
0.4182266611047372	0.7586274805062683
0.3919818962145096	0.80733086437784
0.2966686258688339	0.6876962280598341
0.35884506457869364	0.8638734915429318
0.27056465907353067	0.754279758338521
0.43805807277208153	0.544432666918833
0.3795212648154588	0.5803041546747082
0.34392750642354497	0.6100376817228967
0.32296970999699376	0.6396822528185595
0.27319758344819006	0.7325189085130364
0.25583717834647357	0.7328524933340204
0.24564339627536652	0.7355878888668796
0.5943509980209478	0.60024140747855
0.3835832898534687	0.8914387172551191
0.46934340945983666	0.8243103317686933
0.3672014315112697	0.7762296395632218
0.31821777429395476	0.8139247243399497
0.48267698904730566	0.5110630653215232
1.895790028652933	1.283923498191621
0.2724724732594612	0.6575957577081681
0.2791744625768955	0.63893724671823
0.31710546934421524	0.5787474255098526
0.33804918596129907	0.6061458588103626
0.31776722039030947	0.6330105563980885
0.30037865566953303	0.666068812162743
0.2883474584599576	0.6243707095334164
0.3088195014591013	0.6500122627772708
0.2980414072941271	0.6089924492832867
0.32789060341389187	0.6196004465921595
0.3078620744137535	0.5934140381413564
0.24867055531580154	0.7228115902212154
0.2723246352598344	0.7184861070417973
0.28272961447326544	0.6983375838512005
0.2745914845877782	0.7140827874040178
0.25785059110362857	0.6978372066193294
0.2654184887047161	0.6772661426552228
0.28110339647712096	0.7174297551080226
0.28910072826768385	0.7021515703045831
0.30652449251216013	0.6696937672176997
0.31526101430098186	0.6537595322664566
0.333621085876511	0.6246153384018748
0.4780236120107262	0.48085140002979254
0.5086964769856793	0.9249751112633159
0.4900548092203016	0.900123042095659
0.4423101752381829	0.7299169469093608
0.4754822063976988	0.7708811629325224
0.47080066974212187	0.7649544726115908
0.4936451606403713	0.7486421748634956
0.47772089610670765	0.5225272636707902
0.27186704145136165	0.7435383271012546
0.2769850522011789	0.7439052704047321
0.30173031738065637	0.6940565786476501
0.3280384414135811	0.646009244924672
0.3387320567215632	0.6296747081874579
0.3708340223598042	0.5981509426001199
0.4372977630595903	0.5556633558938061
0.49215974073915114	0.5110964238032266
0.49277925235671816	0.5025232939027515
0.4663021706099341	0.5230832383726935
0.8467456629469784	0.7336864553868756
0.8615435427214352	0.753423557298127
0.2064381667492131	1.2522662986758895
0.2008625621909857	1.250620613558508
0.18424838699223042	1.2640418428586015
0.19135165088014278	1.2692680050542817
0.18892992364780725	1.2663213391354575
0.2026295782819919	1.2356092966118557
1.2836703110550254	1.071441086685764
1.2859371603829692	1.063112585653747
1.247823116092323	1.1002183372476582
1.249315575898308	1.0913449810079023
1.2611355759655596	1.057463882684557
1.2663591852864762	1.051337041471825
1.2711322407037475	1.0448432569556154
0.32173068676185984	0.6575290407439713
0.31286040678287874	0.6737301435527918
0.29593647577534005	0.7057209278902975
0.28831929884096025	0.7210769491513083
0.41310865035492	0.7521003375083553
0.3636885190434272	0.7649655921057552
0.3452510085156709	0.7425820506141703
0.3817317949054703	0.7132043473752947
0.3414072205247499	0.743571685583748
0.405442194087373	0.7582827761911197
0.3867301272745956	0.759405845089091
0.3878283524148051	0.7554584247065247
0.3842028014710356	0.7582716566969552
0.3881029086998888	0.7583494931553165
0.3856952612770207	0.7602064486594527
0.3893560117445526	0.7573820971748578
0.4665696869902528	0.5324458523501561
1.7929792597535692	0.9935045529978748
1.7682339945740917	0.9899907928829828
0.37031306940869685	0.7737722313813142
0.36956683950567304	0.7728381938825589
0.3664481617035435	0.7687906980540924
0.36687055598825385	0.7624748254421443
0.38810994860465375	0.7583494931553165
0.386737167179298	0.759405845089091
0.46992068164893874	0.5131312912116244
0.48521135475563054	0.5024676964327192
0.44826593465265596	0.5260076653039788
0.4686746185090399	0.4858774113328822
0.4364459345854045	0.5038353941991488
0.4755244458261635	0.5027679227712097
0.44540773332608014	0.5207370251316408
0.4527996333085435	0.5338469085982891
0.2663970354642962	0.8429243647819733
0.26247580852121066	0.8386433595792131
0.262109733474495	0.7837797760124158
0.26010336062210493	0.7856033730340586
0.27302862573433095	0.7998363253986782
0.2696424315518827	0.802916425245896
0.2597584052895591	0.8169047487412673
0.2769850522011789	0.810844624492732
0.2577449925324666	0.814691969428608
0.25881505805374133	0.8137023344590303
0.25670308663012675	0.8156593654098568
0.2587376191015142	0.817849905734187
0.2608214309061314	0.815926233266644
1.380412682063989	0.2759747224431618
1.3810744331100833	0.27905482229037953
1.3821163390123608	0.2866160782345281
1.3835102401518864	0.29356576200595086
1.3880439388078363	0.30352882866039455
1.3898813539463672	0.31336958088139916
1.395942711932002	0.31975217045675397
0.8220355972912007	0.5238838419430553
0.376142110537713	0.8343623543756626
0.3949949754454772	0.8537769909600945
0.3946640999224613	0.8701560056723865
0.3939671493526673	0.869310924126157
0.39543144953965503	0.8711011626653063
0.3917003000247235	0.8711122821594708
0.39318571992594364	0.8729358791811136
0.4041890910427717	0.8292585066134216
0.433214618307348	0.8152257051421825
0.4142843144474192	0.7954886032309311
0.4137774413057167	0.7984908666197875
0.41183442759608635	0.7973677977226062
0.41324944844984435	0.7948881505531598
0.4152206217785346	0.7960223389445056
1.5830000209175163	1.2663991755938189
0.413509924925398	0.9013573059336949
0.9312245198897476	0.7213660559964246
0.9128996478379184	0.7599729392843689
0.8545810769284471	0.7440387043331257
0.8490265920844521	0.7366998382698965
0.8796572176309405	0.7381342530005229
0.8372065920172006	0.7728159548942299
0.8353691768786697	0.770136156832193
0.8329544895510992	0.766600157728972
0.752586936979507	0.5459115596253272
0.7485601114652595	0.5380167188609847
0.7387183246314006	0.5523942246473723
0.7374511417772694	0.5508152564949779
0.7400699863424615	0.5540955072347861
0.7361628392089058	0.54920292986009
0.7570079971595302	0.5528501239033756
0.7736221723582853	0.5721869240294462
0.9596164557272896	0.63423370074196
0.9244662113343186	0.6620546748159799
0.9546885224056266	0.6461204398647367
0.728848378178607	0.5631356558854289
0.7190417908684481	0.5526388535166207
0.705715251185744	0.5398403158826275
0.7082144173703067	0.5507040615541231
0.7070809927063347	0.5543401361040343
0.7181758825847948	0.5738882066168599
0.7346492596886258	0.5946371824852279
0.7416891644339034	0.7208656787653435
0.7379228153952095	0.7238345836724965
0.7163384674463265	0.6925888054353203
0.7284682233223614	0.7093681219335831
0.7205060910554983	0.6977482506675936
0.6958734643519477	0.6640673032368388
0.7133605877390586	0.6865953981501918
0.711382374505666	0.6840490340165485
0.6938882112137901	0.6944679999269954
0.7100377526993077	0.6823366319349703
0.7068979551829457	0.6846939646709778
0.6106061380776898	0.6081362482428926
0.6149849588291857	0.6035216582183581
0.6486920227494013	0.5777577905402748
0.673901921642054	0.5629799829687063
0.7085030534648578	0.6166093026974675
0.7115654120290551	0.6201453017998985
0.7167608617310369	0.6223136031366898
0.7287498195121475	0.6366577504413741
0.6986331070120642	0.6776330859587002
0.662286078812424	0.7066104874123948
0.6404905337211544	0.6814915503887408
0.6380124872508867	0.6781001047080779
0.6451016713293316	0.686884504995308
0.6814346197194417	0.6551272300328862
0.6767601229686299	0.6497453949204834
0.6918395989328727	0.6674365099291727
0.673782243261362	0.6463094712631626
0.7196049832480828	0.6026432181896352
0.6861231962797836	0.5620793039516544
0.7217662340048645	0.6052674187816397
0.7194993846769209	0.5532059477118986
0.7185560374410405	0.5540176707764247
0.7159090332568511	0.5560858966673159
0.7157682351619268	0.5573201605053519
0.7161483900181723	0.5578872547006297
0.7244061982843515	0.5666160575178275
0.7198724996284015	0.5641920078184134
0.7183378003939516	0.56520388177553
0.7148600874498088	0.568050472248454
0.7174155728723036	0.5725538673321336
0.7268138457072196	0.5647702215078557
0.7128255549784214	0.7808331100935917
0.7240049237138735	0.7715149740919971
0.7288765377975419	0.7775083813771256
0.7231390154302203	0.7722377412047876
0.7248215526642969	0.7708366849558645
0.7353602900679498	0.7620300456810956
0.707538586514745	0.7852253102372068
0.7180843638231003	0.7764631489375156
0.747335168039593	0.7565703741103316
0.749264101939756	0.7550914814030473
0.7290314157019335	0.7537126641432432
0.7371554657779534	0.7643873784163129
0.7574374313489429	0.748820086767757
0.7673988965634937	0.8563789525637702
0.7660965141856001	0.8573352290508545
0.7592748464874739	0.8612048129750595
0.7684971217037032	0.8555783489934085
0.8744476881194914	0.757815757441742
0.8672317857555895	0.7486199358751666
0.83533397735497	0.7742837281073498
0.8392974437265203	0.7711480307893097
0.8061746919002343	0.7966005526339479
0.8056748586632968	0.8056518207787552
0.44451366542342957	0.7920860380561037
0.44716066960761897	0.7897843027909187
0.45403865654373987	0.7759071742356122
0.48894250427056213	0.7521448154842232
0.47843192648596916	0.7599618197902044
0.5175174776314933	0.7705475781115384
0.46510538680320257	0.7047757708973776
0.5177568343928145	0.7782645069716195
0.5199603245780611	0.7768968092051899
0.5288869237950369	0.7922528304669908
0.5300133085542438	0.7913855099324323
0.5230015634280261	0.781244531372937
0.5724709740727486	0.7365997628239963
0.5802359890067551	0.7393573973443944
0.6097402297940366	0.6872736872863243
0.6319933686937165	0.6771994256910259
0.612387233978226	0.6925999249294847
0.6164703787304683	0.6978483261134938
0.5972373589664586	0.7053873430693135
0.5674937614178558	0.6720622194470816
0.5672121652280696	0.6666803843346788
0.5751390979711704	0.6587521850878428
0.5800529514833661	0.6572399338996452
0.5879798842265294	0.6604534676752565
0.6039393482839553	0.6455311066811299
0.635541480685259	0.6803684814915595
0.6749367876396289	0.7254024323315166
0.6804208734361618	0.7469853702519498
0.48262770971413843	0.984253133961267
0.4778687341063344	0.9783375631344998
0.23373891735118543	0.7771970355436805
0.4705331533618032	0.9692306975204502
0.46723143803628464	0.9584670272948548
0.24830448026908583	0.7727047599541653
0.2475371306518296	0.7734608855486591
0.2383711746735325	0.7892060891014764
0.23478786315822772	0.7772748720020417
0.2320493402123438	0.7770858406036159
0.2444888518971622	0.7763964319733188
0.2458334737035206	0.7750954511718761
0.2452069221811887	0.7756959038496473
0.23997627295544452	0.7697136160586833
0.20259437875829212	0.8192064840064522
0.2077827885555089	0.8215860557299984
0.21571676120337463	0.8307485188140804
0.2187368803391072	0.8442475845725351
0.22987400964609456	0.8551002107498663
0.22874058498206015	0.8691663707035988
0.22438288394479677	0.8769611360220412
0.40897622626951047	0.9910693838042962
0.3776345703436981	0.9744012622468881
0.3829356186169044	0.9873221143143203
0.5533505927847283	0.6215463580488215
0.5591162747710472	0.6287406706887025
0.528879883890272	0.6832929084220546
0.5730623260713807	0.7325745059830687
0.7079680207042204	0.5702076540910808
0.6991329402489391	0.5772796522967326
0.6691781455580124	0.6014534323282571
0.6082125704642892	0.6127619577615915
0.6120352387409778	0.6093927510684675
0.5802430289115201	0.637413876035868
0.5532379543088013	0.6638449133559193
0.6084308075113781	0.5892553473720352
0.6034676746660151	0.5833286570518935
0.664292451664814	0.535081172436325
0.6414198011475672	0.5532059477118986
0.6335632674518662	0.5434430319500453
0.5859735113741392	0.9790825692348292
0.5784478532014541	1.0085937064028885
0.581186376147338	1.0047130029845188
0.5878883654648348	1.006514361018623
0.5975259950610096	1.0157435410669016
0.5951605870666689	1.0190682697833677
0.6021441725738892	1.009249756550692
0.605734523993959	1.0067701093812456
0.5485212181294622	0.7975234706393288
0.5966882463963538	0.7591834552081717
0.6017006585749464	0.764698724248968
0.592985256500357	0.771748483467081
0.5776945833937277	0.7861927062176655
0.6170617307290379	0.7408807680275467
0.6219685443364686	0.7471076846861789
0.6207436009108022	0.7519224256033038
0.6034465549517828	0.766622396717301
0.40427356989970126	0.39388583718542497
0.39700838820263223	0.4009911938735703
0.4108277212175088	0.3874810086217412
0.41945160453040364	0.37751794196650745
0.4484912116045099	0.3567578466039749
0.4276742132728204	0.431202859165301
0.4209440643363887	0.4365958137718682
0.3679969407475233	0.38752548659760905
0.3334450882578869	0.42227390545551285
0.27063505812093025	0.802015746228844
0.2778580003895345	0.8099995429457123
0.25513318787197703	0.7848694864278937
0.2591952129099244	0.7805996007185079
0.31916112152983506	0.6348007949380279
0.6942542862605058	0.6234700305163645
0.6967816120640657	0.626639086316108
0.6906076156025038	0.6189110379626526
0.2893189653147728	0.9131550891039459
0.2892908056958379	0.8874801773783884
0.29993514167059027	0.894785684959124
0.3136207164953075	0.852742878014649
0.30323685699610886	0.8450926661187647
0.305940180418293	0.8512417463198257
0.26667863165414485	0.8665088116291009
1.4017787929657832	0.9231181557591797
1.35546325964689	0.8844556750012029
1.3945206511734167	0.9106532029461705
1.3754777088376235	0.8983328035565096
1.3553506211709632	0.8267677399498107
1.3429040695813796	0.8453817729638808
1.3592436884951138	0.8209522445697337
0.6791818502009653	0.4666406866535019
0.669452701843096	0.47067706298780393
0.6834550723813618	0.5012890300647155
0.6751902242104176	0.4920376110281077
0.6391388720100937	0.41294464996054386
0.6618144051944839	0.43426072002497984
0.6557037678756191	0.43975375007823725
0.6572877464432988	0.43397161317986366
0.6472136427528836	0.4108653045762783
0.6479317130369101	0.41273337957378897
0.6981121540608942	0.519413805341079
0.673092332596333	0.48953572487033237
0.6748452688779343	0.4827861919915
0.6466715700874813	0.40945312883398083
0.9485004461345347	0.7566370910745285
0.9519922388882074	0.7499431556657284
0.9509925724143949	0.7438496729346997
0.9396724055840184	0.7526785511977976
1.1034980289103349	0.5784916771464397
1.0926636155074285	0.5702521320669486
1.0936069627432463	0.5675500950165828
1.1060323946185975	0.6230697287311837
1.101963329675885	0.6229696532852835
1.092508737603037	0.6175211012078939
1.0421030196271364	0.5914458876971554
1.0264321916642614	0.7010396209015662
1.0017714053417135	0.696925408108903
1.021947772341541	0.7290829848565056
1.0204834721545533	0.7061434686630172
1.5383388652137648	0.48505456877419156
1.5452309319593531	0.4639052911206426
1.5471035466215841	0.43807470647836244
1.2270835567128606	0.8975989169503447
1.3154836405987156	0.8687104714483856
1.3106190664197495	0.8652967867793938
1.3059868090974025	0.8594479329176135
1.302023342725852	0.8516976455750389
1.287014265809009	0.8473944013839496
1.2861131580016558	0.8500519604584477
1.28932335456548	0.8405114345767237
1.301882544630928	0.8866795738080266
1.2936810556027434	0.8885698877938663
1.2860779584778936	0.8996893818287747
1.2566370768333093	0.9140335291326689
1.2566370768333093	0.9163352643978538
1.2566370768333093	0.912988296693849
1.2782355045917224	0.9195710371625843
1.224774467956452	0.9354274356554662
1.2094063558975958	0.9156124972858535
1.20044455715692	0.9574551533377381
1.1940171241245068	0.8972986906110639
1.1884485594710443	0.8828544678604795
1.181774729772545	0.8774948717356157
1.855845609128458	1.301959317516249
1.7597297896418265	1.2432039110377078
1.771732827232467	1.238344692144715
1.7755414156996256	1.2528111538836284
1.7596453107848968	1.2550239331962876
1.8017861805898532	1.2889828679779942
1.920436735165951	1.3462927402317444
1.9274766399112286	1.3269003426356416
1.7526546853728489	1.294631570947184
1.6578834876925757	1.3684205333607067
0.5395242198650867	0.8092767758337119
0.564818597614669	0.7912075980273807
0.5616295207650772	0.7870933852347174
0.6605472223403527	1.2994351923701446
0.6401385384839062	1.3126785097651863
0.7114386937435981	1.292374313657867
0.8062098914239341	1.263485868156698
0.8036121665729744	1.2566918573012078
0.7918203261246578	1.2720812370455021
0.7965370623039969	1.273026394038422
0.8094834471304553	1.2691456906200524
0.8022534649570862	1.252355254627625
0.78582232728172	1.2576370142941278
0.7820489383383237	1.2567029767953724
0.7797820890103173	1.2757173115946234
0.769348950177889	1.2609506235164292
0.7318896170285094	1.2733933373411095
0.7257437801859449	1.2755616386779007
0.7116569307907497	1.280431977065058
0.7082144173703067	1.2849242526553633
0.7136844233573721	1.2999800475778835
0.7187742744881294	1.301036399510868
0.7345859005459286	1.2944425395487582
0.7346633394981558	1.2905507166362242
0.7378876158714472	1.289049584942191
1.122224175532642	0.36376312784542997
0.46373260537790945	0.921939489391966
0.4390014200078993	0.9000340861439232
0.4102997283615739	0.9006011803392011
0.39489641677901766	0.8825876000036923
0.2428555939962528	0.8897930321377377
0.1591652063849721	0.8644183467506708
0.6925787889311316	1.2710026461241888
0.687636775800001	1.2578816431633761
0.7143602542128713	1.2523441351342508
0.1340186666350166	0.34371468010152345
0.7235121303817009	0.28594890859176997
0.7218155133380944	0.2755188231879486
0.7432942627158156	0.2876057132033158
0.17209751140196308	0.3366982793659039
0.39952163419666226	0.28081170234782554
0.42238020490444167	0.3513760114915722
0.4170650768217679	0.3433810952805394
0.4173325932020866	0.3552455954149872
0.4117217891201594	0.3472729181922833
0.4124257795946559	0.35854808514391434
0.40708249189304735	0.3506532443787817
0.6225387766208682	0.42132874846259305
0.6541761085459342	0.35488977160646423
0.7231390154302203	0.4994431940555338
0.7198795395331664	0.4964520501600517
0.7146840898311847	0.48514352472671735
0.6362806706835177	0.3141590649575964
0.6289098904152867	0.23446565121226118
0.5601793003875569	0.26411022230792397
0.7634987893346404	0.5613342978513249
0.976913501686309	0.6280735010467344
1.18783608775818	0.3148929515637613
1.1994941700162747	0.3118573296924114
1.1895327048017865	0.3047186145225627
1.182070405771861	0.3053079477061695
1.2740678809825505	0.1657582975726508
0.2906283875974313	1.2660433517845058
0.306960966606338	1.2532559336446771
0.3439767857567747	1.292518867080425
0.31857680943596794	1.3160254774699813
0.35141092516776545	1.2863809063735285
0.35954201514848766	1.2785416630792183
0.36650448094153826	1.2713807089210407
0.2598992033844834	1.2051085244750088
0.27429580858846214	1.1953011307364978
0.26943827431426126	1.2423032320206557
0.247565290270827	1.2148603207434876
0.18333319937534748	1.360570170572232
0.20915556998086463	1.3375416984262178
0.38403384375711397	1.2993907143942767
0.4002889838138559	0.9850870960141223
0.44532325446915055	1.0946697097243685
0.7397039112957458	0.9915030440719704
0.689460111129002	0.9481036588552302
0.9210448176281706	0.8084539332750212
0.6838141075233124	0.41943843447675344
0.7445896051889441	0.5302441925308713
0.7472577290873659	0.5245176531033201
0.7424424342416297	0.5104514931495875
0.7424917135748595	0.4983201251575624
0.7435265795723719	0.49175962367715603
0.7400347868187616	0.48601084526127586
0.7338959898808995	0.47631464646361943
0.9188483673476264	0.9436447417474184
1.2866341109527635	0.3440149064408041
1.2995664159697544	0.33938919692210523
1.2939485719830621	0.3221873396503325
1.2685063562337906	0.3306047966348752
1.3369553500716718	0.3082546136249936
1.102920756721233	0.33825500853075946
1.3766815325490576	0.5908343155252197
0.7905883427942889	1.001888651499924
0.9397639243457129	0.9083403481876111
0.9080491534684824	0.9278550602179432
0.8969965030184246	0.9116873158916161
0.288361538269425	0.8223199423361633
0.2858623720848624	0.8194177543932071
0.2903960707408125	0.8148365228511661
0.24493236589610504	0.8696333894529765
1.131770286367185	0.3413907058480095
1.1296723947531004	0.33100509842005604
1.1328825913169245	0.3469393333712993
1.1168034488788066	0.35660217368725233
1.2963773391201627	0.3213978555741353
1.4099873218987327	0.512764347908937
1.363178995247667	0.5154663849593027
1.3739218898888788	0.5147547373406768
1.3894237601378945	0.5138095803477569
0.6971265673965491	0.34542708218310164
0.7003790033889005	0.3533552814291475
0.25261994187788445	0.7731606592093785
0.0846266949424586	0.3542226019644961
0.2096272435988048	0.39178425281283047
0.19598390820248981	0.3304713627064816
0.20636776770175094	0.392484780937292
0.1919289230692449	0.3314943561577627
0.22519247299045522	0.35166511833589836
0.23875132952977812	0.3379659016856433
0.22256658852049824	0.34215795093666784
0.23242245516382445	0.3779071242575238
0.24073658266793577	0.39668794968169097
0.46713287936988757	0.3288145580949357
0.500276750910406	0.347928968340877
0.4833739396170996	0.3577919595494205
0.49199078302529203	0.35276594824554075
0.49746078901229496	0.36230647412726463
0.5062043507058817	0.3763281561051294
0.5093934275554733	0.38148760133661264
0.45070878159922384	0.3798419162200214
0.46002961548191273	0.3935856108461443
0.46627401099093685	0.40300382229363907
0.4697165244113798	0.4080409530916833
0.3438993468046101	1.234030328458671
1.381672825013418	0.5142877185912991
1.0669398035683084	0.6111718701142425
1.0532471888388262	0.6061236198228238
1.0641027219560273	0.5906897621026617
1.0601392555844145	0.5758674765544352
0.42568896013466273	0.8218306845984568
0.4133691268305362	0.8285246200072567
1.0054532755234777	0.49423927084739255
1.0692770519437769	0.5453667044175883
1.034091608027106	0.8833214866098572
1.013267569790714	0.8988998977517874
1.1556637230724767	1.0801587700087971
1.17320012579288	1.0436979490701053
1.1748967428364865	1.0472005896908327
1.1749460221696537	1.0510701736150379
1.1738618768389115	1.0580976938448219
1.1740519542670032	1.0614446615488269
1.1776845451155376	1.0731979667432099
1.1885893575659063	1.1046772543554702
0.8618532985302186	0.4721003582242659
0.8616139417688973	0.4753138920006673
0.8604805171049255	0.477159728009849
0.8585445432999974	0.4784273503295884
0.8560876165438996	0.47903892250152413
0.856517050733375	0.4573781481227297
0.8445703323807292	0.4675747241522572
0.826632655089848	0.4538866269953766
0.8609310710086332	0.4871339141592472
0.8538489268348907	0.47873869616303355
0.8377064252540756	0.45881256285335614
0.8459642335202547	0.5154552654651383
0.29969578490926896	0.9355163916079919
1.4010184832532921	1.2904839996720274
1.3994133849713801	1.28812666693681
1.4063054517169684	1.2842126050367373
0.6735217667858084	0.3970326539968395
0.2290151412671438	0.8856009828867132
1.3445091678632919	1.0311440403045704
1.3314783041799039	1.0481346271895882
1.3294719313275138	1.0654810378831288
1.327521877713056	1.0805701912881425
1.3107105851814442	1.093824628177349
0.8824027804815895	1.2394010440776995
0.9810107262480187	1.206465102747274
1.2308851052752543	1.1207782817176004
1.2087094053278016	1.1318755367633897
1.2077590181872186	1.1289511098328946
1.0523742406504704	0.7829569334537251
1.1033924303391105	0.8458487917132586
1.155220209073534	0.9097970019057765
1.200782472584701	0.9652276796678515
1.2630293103420227	1.0426638361246596
1.015816015308444	0.7468296973360172
1.260340066729306	1.0503585259964119
1.2713856772745988	1.105766964770948
1.3880368989030714	1.1983589915961765
1.2902667018012979	1.0767895633164632
1.2862539560965176	1.0832833478326729
1.13427649245645	0.936917447856125
1.078393728588844	0.8677875534437948
1.0288820785155943	0.8069083236043302
0.988860220038955	0.7544687897377371
0.9926336089824137	0.7610292912181434
1.009578659704185	0.7827901410436281
1.2509136342754552	1.0718080299892414
1.2716109542264526	1.1091695299449853
1.356667083358324	1.2137928493163388
0.9014316430079152	1.2321066559911282
1.063440970909933	1.1812794487594231
1.1163599348798638	1.165423050265751
1.1356211142628083	1.157872913816557
0.2250587148002959	0.4408656994812541
0.30446180042177534	0.47410186715017016
0.28001221124161385	0.46890906343619343
0.25338729149514067	0.458334424609814
1.5266174238129728	0.9244858535256093
1.4896227243767683	0.8297032863752604
1.4547751958878785	0.8219641185268504
1.4801892520181528	0.8229982314722959
1.497838293214483	0.828769248876505
1.4916994962766206	0.8293252235776184
1.4878064289525326	0.8307485188140804
1.4852791031489725	0.8341399644947433
1.4817873103953623	0.8361303539272732
1.4782955176416896	0.8360302784805829
1.4744235700318338	0.8347070586908112
1.4535995317954418	0.8211968734389821
1.5280958038094905	0.9218282944511113
1.5328477395125295	0.9208831374581915
1.529644582853408	0.9190484209423841
1.5450408545312617	0.8943186662097464
1.5373391987399523	0.905204650869571
1.5322493476091326	0.9143782334478174
1.525659996767625	0.9261982556071874
1.6619947920637526	0.7236233132857417
1.689204023904093	0.6693045849266833
0.9583351930636286	0.19518047878818423
1.0126973375063144	0.6858392725564879
